	Анорин	Баженов	Гяммер	Ефремов И.	Ефремов С.	Зволинский	Земцова	Карнавский	Конвей	Лушина	Максимов	Матюшкин	Мацапулина	Мозгов	Нескоромный	Попов	Романов	Светов	Федюкин	Хохлов	Чинаров	Шальнев
Анорин	0	0.425	0.829545454545455	0.945945945945946	0.940677966101695	0.983333333333333	0.9375	0.43298969072165	0.932773109243697	0.895522388059702	0.881818181818182	0.714285714285714	0.918181818181818	0.925233644859813	0.676190476190476	0.602941176470588	0.920353982300885	0.900826446280992	0.35632183908046	0.364864864864865	0.705263157894737	0.428571428571429
Баженов	0.425	0	0.686046511627907	0.895652173913044	0.865546218487395	0.971014492753623	0.923076923076923	0.427184466019417	0.867768595041322	0.816901408450704	0.843478260869565	0.663157894736842	0.906779661016949	0.940677966101695	0.68141592920354	0.561643835616438	0.909090909090909	0.818181818181818	0.261363636363636	0.421686746987952	0.6	0.246913580246914
Гяммер	0.829545454545455	0.686046511627907	0	0.746987951807229	0.697674418604651	1	0.828947368421053	0.712962962962963	0.719101123595506	0.826923076923077	0.705882352941177	0.716049382716049	0.767441860465116	0.813953488372093	0.727272727272727	0.794117647058823	0.788888888888889	0.681318681318681	0.712871287128713	0.8	0.674698795180723	0.706521739130435
Ефремов И.	0.945945945945946	0.895652173913044	0.746987951807229	0	0.297297297297297	0.966666666666667	0.439393939393939	0.795275590551181	0.27027027027027	0.928571428571429	0.277777777777778	0.757894736842105	0.421052631578947	0.342857142857143	0.541666666666667	0.921348314606742	0.291666666666667	0.325	0.866141732283465	0.939130434782609	0.721649484536082	0.863247863247863
Ефремов С.	0.940677966101695	0.865546218487395	0.697674418604651	0.297297297297297	0	0.970588235294118	0.479452054794521	0.7421875	0.186666666666667	0.949367088607595	0.35	0.673684210526316	0.315789473684211	0.324324324324324	0.505050505050505	0.94949494949495	0.320512820512821	0.268292682926829	0.8125	0.916666666666667	0.718446601941748	0.844262295081967
Зволинский	0.983333333333333	0.971014492753623	1	0.966666666666667	0.970588235294118	0	0.955555555555556	0.978947368421053	0.971428571428571	1	0.96969696969697	1	0.984126984126984	0.983050847457627	0.987951807228916	0.974358974358974	0.969230769230769	0.973684210526316	0.976744186046512	0.984615384615385	0.985074626865672	0.973333333333333
Земцова	0.9375	0.923076923076923	0.828947368421053	0.439393939393939	0.479452054794521	0.955555555555556	0	0.8	0.493333333333333	0.947368421052632	0.486111111111111	0.855555555555556	0.409090909090909	0.46969696969697	0.655913978494624	0.974683544303797	0.434782608695652	0.530864197530864	0.925	0.919191919191919	0.815217391304348	0.927272727272727
Карнавский	0.43298969072165	0.427184466019417	0.712962962962963	0.795275590551181	0.7421875	0.978947368421053	0.8	0	0.736434108527132	0.865979381443299	0.748031496062992	0.621621621621622	0.729508196721312	0.782258064516129	0.553719008264463	0.676767676767677	0.736	0.7	0.278846153846154	0.46078431372549	0.617391304347826	0.384615384615385
Конвей	0.932773109243697	0.867768595041322	0.719101123595506	0.27027027027027	0.186666666666667	0.971428571428571	0.493333333333333	0.736434108527132	0	0.9375	0.325	0.707070707070707	0.333333333333333	0.297297297297297	0.484848484848485	0.929292929292929	0.272727272727273	0.2	0.815384615384615	0.9	0.686274509803922	0.808333333333333
Лушина	0.895522388059702	0.816901408450704	0.826923076923077	0.928571428571429	0.949367088607595	1	0.947368421052632	0.865979381443299	0.9375	0	0.92	0.880597014925373	0.930555555555556	0.942028985507246	0.934065934065934	0.767441860465116	0.974358974358974	0.941860465116279	0.839080459770115	0.838235294117647	0.842857142857143	0.860759493670886
Максимов	0.881818181818182	0.843478260869565	0.705882352941177	0.277777777777778	0.35	0.96969696969697	0.486111111111111	0.748031496062992	0.325	0.92	0	0.747474747474748	0.481927710843373	0.373333333333333	0.479166666666667	0.914893617021277	0.367088607594937	0.313253012048193	0.80952380952381	0.87719298245614	0.7	0.822033898305085
Матюшкин	0.714285714285714	0.663157894736842	0.716049382716049	0.757894736842105	0.673684210526316	1	0.855555555555556	0.621621621621622	0.707070707070707	0.880597014925373	0.747474747474748	0	0.736842105263158	0.739130434782609	0.666666666666667	0.702702702702703	0.744897959183674	0.735849056603774	0.601941747572815	0.673913043478261	0.680851063829787	0.628865979381443
Мацапулина	0.918181818181818	0.906779661016949	0.767441860465116	0.421052631578947	0.315789473684211	0.984126984126984	0.409090909090909	0.729508196721312	0.333333333333333	0.930555555555556	0.481927710843373	0.736842105263158	0	0.338028169014085	0.48936170212766	0.934782608695652	0.333333333333333	0.4	0.832	0.862385321100917	0.752475247524752	0.855932203389831
Мозгов	0.925233644859813	0.940677966101695	0.813953488372093	0.342857142857143	0.324324324324324	0.983050847457627	0.46969696969697	0.782258064516129	0.297297297297297	0.942028985507246	0.373333333333333	0.739130434782609	0.338028169014085	0	0.5	0.967032967032967	0.271428571428571	0.390243902439024	0.873015873015873	0.888888888888889	0.792079207920792	0.917355371900826
Нескоромный	0.676190476190476	0.68141592920354	0.727272727272727	0.541666666666667	0.505050505050505	0.987951807228916	0.655913978494624	0.553719008264463	0.484848484848485	0.934065934065934	0.479166666666667	0.666666666666667	0.48936170212766	0.5	0	0.82	0.55	0.455445544554455	0.616666666666667	0.666666666666667	0.622641509433962	0.663793103448276
Попов	0.602941176470588	0.561643835616438	0.794117647058823	0.921348314606742	0.94949494949495	0.974358974358974	0.974683544303797	0.676767676767677	0.929292929292929	0.767441860465116	0.914893617021277	0.702702702702703	0.934782608695652	0.967032967032967	0.82	0	0.958762886597938	0.943396226415094	0.629213483146067	0.591549295774648	0.675324675324675	0.558441558441558
Романов	0.920353982300885	0.909090909090909	0.788888888888889	0.291666666666667	0.320512820512821	0.969230769230769	0.434782608695652	0.736	0.272727272727273	0.974358974358974	0.367088607594937	0.744897959183674	0.333333333333333	0.271428571428571	0.55	0.958762886597938	0	0.304878048780488	0.844961240310077	0.905172413793103	0.735294117647059	0.868852459016393
Светов	0.900826446280992	0.818181818181818	0.681318681318681	0.325	0.268292682926829	0.973684210526316	0.530864197530864	0.7	0.2	0.941860465116279	0.313253012048193	0.735849056603774	0.4	0.390243902439024	0.455445544554455	0.943396226415094	0.304878048780488	0	0.769230769230769	0.868852459016393	0.653846153846154	0.768595041322314
Федюкин	0.35632183908046	0.261363636363636	0.712871287128713	0.866141732283465	0.8125	0.976744186046512	0.925	0.278846153846154	0.815384615384615	0.839080459770115	0.80952380952381	0.601941747572815	0.832	0.873015873015873	0.616666666666667	0.629213483146067	0.844961240310077	0.769230769230769	0	0.355555555555556	0.571428571428571	0.290322580645161
Хохлов	0.364864864864865	0.421686746987952	0.8	0.939130434782609	0.916666666666667	0.984615384615385	0.919191919191919	0.46078431372549	0.9	0.838235294117647	0.87719298245614	0.673913043478261	0.862385321100917	0.888888888888889	0.666666666666667	0.591549295774648	0.905172413793103	0.868852459016393	0.355555555555556	0	0.666666666666667	0.425287356321839
Чинаров	0.705263157894737	0.6	0.674698795180723	0.721649484536082	0.718446601941748	0.985074626865672	0.815217391304348	0.617391304347826	0.686274509803922	0.842857142857143	0.7	0.680851063829787	0.752475247524752	0.792079207920792	0.622641509433962	0.675324675324675	0.735294117647059	0.653846153846154	0.571428571428571	0.666666666666667	0	0.623762376237624
Шальнев	0.428571428571429	0.246913580246914	0.706521739130435	0.863247863247863	0.844262295081967	0.973333333333333	0.927272727272727	0.384615384615385	0.808333333333333	0.860759493670886	0.822033898305085	0.628865979381443	0.855932203389831	0.917355371900826	0.663793103448276	0.558441558441558	0.868852459016393	0.768595041322314	0.290322580645161	0.425287356321839	0.623762376237624	0
